1 100.0 0
-4709.000 3554.396
-4710.848 3554.396
-4710.848 3554.516
-4709.000 3554.516
-4709.000 3554.396
#
1 100.0 0
-4711.150 3554.396
-4712.998 3554.396
-4712.998 3554.516
-4711.150 3554.516
-4711.150 3554.396
#
1 100.0 0
-4703.500 3554.346
-4709.002 3554.346
-4709.002 3554.568
-4703.500 3554.568
-4703.500 3554.346
#
1 100.0 0
-4713.000 3554.346
-4718.502 3554.346
-4718.502 3554.568
-4713.000 3554.568
-4713.000 3554.346
#
1 100.0 0
-4710.796 3553.760
-4710.436 3554.120
-4710.562 3554.120
-4710.922 3553.760
-4710.796 3553.760
#
1 100.0 0
-4710.860 3553.696
-4710.794 3553.762
-4710.926 3553.762
-4710.860 3553.696
-4710.860 3553.696
#
1 100.0 0
-4710.436 3554.120
-4710.502 3554.186
-4710.502 3554.186
-4710.562 3554.120
-4710.436 3554.120
#
1 100.0 0
-4711.534 3554.120
-4711.600 3554.186
-4711.600 3554.186
-4711.660 3554.120
-4711.534 3554.120
#
1 100.0 0
-4710.874 3553.460
-4711.534 3554.120
-4711.660 3554.120
-4711.000 3553.460
-4710.874 3553.460
#
1 100.0 0
-4710.938 3553.396
-4710.872 3553.462
-4711.004 3553.462
-4710.938 3553.396
-4710.938 3553.396
#
1 100.0 0
-4710.500 3554.728
-4710.434 3554.794
-4710.566 3554.794
-4710.500 3554.728
-4710.500 3554.728
#
1 100.0 0
-4710.436 3554.792
-4710.796 3555.152
-4710.922 3555.152
-4710.562 3554.792
-4710.436 3554.792
#
1 100.0 0
-4710.796 3555.152
-4710.862 3555.218
-4710.862 3555.218
-4710.922 3555.152
-4710.796 3555.152
#
1 100.0 0
-4711.534 3554.792
-4710.874 3555.452
-4711.000 3555.452
-4711.660 3554.792
-4711.534 3554.792
#
1 100.0 0
-4710.874 3555.452
-4710.940 3555.518
-4710.940 3555.518
-4711.000 3555.452
-4710.874 3555.452
#
1 100.0 0
-4711.598 3554.728
-4711.532 3554.794
-4711.664 3554.794
-4711.598 3554.728
-4711.598 3554.728
#
1 100.0 0
-4711.074 3554.616
-4711.248 3554.616
-4711.248 3554.934
-4711.074 3555.114
-4711.074 3554.616
#
1 100.0 0
-4710.924 3554.616
-4711.032 3554.616
-4711.032 3555.114
-4710.924 3555.012
-4710.924 3554.616
#
1 100.0 0
-4710.924 3554.296
-4711.032 3554.296
-4711.032 3554.614
-4710.924 3554.614
-4710.924 3554.296
#
1 100.0 0
-4711.030 3554.296
-4711.072 3554.296
-4711.072 3555.118
-4711.030 3555.118
-4711.030 3554.296
#
1 100.0 0
-4711.070 3555.112
-4711.070 3555.118
-4711.070 3555.118
-4711.076 3555.112
-4711.070 3555.112
#
1 100.0 0
-4711.070 3554.616
-4711.076 3554.616
-4711.076 3555.114
-4711.070 3555.114
-4711.070 3554.616
#
1 100.0 0
-4711.070 3554.296
-4711.076 3554.296
-4711.076 3554.614
-4711.070 3554.614
-4711.070 3554.296
#
1 100.0 0
-4710.750 3554.616
-4710.924 3554.616
-4710.924 3555.012
-4710.750 3554.838
-4710.750 3554.616
#
1 100.0 0
-4710.850 3553.976
-4710.748 3554.078
-4711.252 3554.078
-4711.252 3553.976
-4710.850 3553.976
#
1 100.0 0
-4710.750 3554.076
-4710.924 3554.076
-4710.924 3554.298
-4710.750 3554.298
-4710.750 3554.076
#
1 100.0 0
-4710.924 3554.076
-4711.074 3554.076
-4711.074 3554.298
-4710.924 3554.298
-4710.924 3554.076
#
1 100.0 0
-4711.074 3554.076
-4711.248 3554.076
-4711.248 3554.298
-4711.074 3554.298
-4711.074 3554.076
#
1 100.0 0
-4711.030 3553.796
-4710.850 3553.976
-4711.252 3553.976
-4711.072 3553.796
-4711.030 3553.796
#
1 100.0 0
-4709.000 3539.396
-4710.848 3539.396
-4710.848 3539.516
-4709.000 3539.516
-4709.000 3539.396
#
1 100.0 0
-4711.150 3539.396
-4712.998 3539.396
-4712.998 3539.516
-4711.150 3539.516
-4711.150 3539.396
#
1 100.0 0
-4703.500 3539.346
-4709.002 3539.346
-4709.002 3539.568
-4703.500 3539.568
-4703.500 3539.346
#
1 100.0 0
-4713.000 3539.346
-4718.502 3539.346
-4718.502 3539.568
-4713.000 3539.568
-4713.000 3539.346
#
1 100.0 0
-4710.796 3538.760
-4710.436 3539.120
-4710.562 3539.120
-4710.922 3538.760
-4710.796 3538.760
#
1 100.0 0
-4710.860 3538.696
-4710.794 3538.762
-4710.926 3538.762
-4710.860 3538.696
-4710.860 3538.696
#
1 100.0 0
-4710.436 3539.120
-4710.502 3539.186
-4710.502 3539.186
-4710.562 3539.120
-4710.436 3539.120
#
1 100.0 0
-4711.534 3539.120
-4711.600 3539.186
-4711.600 3539.186
-4711.660 3539.120
-4711.534 3539.120
#
1 100.0 0
-4710.874 3538.460
-4711.534 3539.120
-4711.660 3539.120
-4711.000 3538.460
-4710.874 3538.460
#
1 100.0 0
-4710.938 3538.396
-4710.872 3538.462
-4711.004 3538.462
-4710.938 3538.396
-4710.938 3538.396
#
1 100.0 0
-4710.500 3539.728
-4710.434 3539.794
-4710.566 3539.794
-4710.500 3539.728
-4710.500 3539.728
#
1 100.0 0
-4710.436 3539.792
-4710.796 3540.152
-4710.922 3540.152
-4710.562 3539.792
-4710.436 3539.792
#
1 100.0 0
-4710.796 3540.152
-4710.862 3540.218
-4710.862 3540.218
-4710.922 3540.152
-4710.796 3540.152
#
1 100.0 0
-4711.534 3539.792
-4710.874 3540.452
-4711.000 3540.452
-4711.660 3539.792
-4711.534 3539.792
#
1 100.0 0
-4710.874 3540.452
-4710.940 3540.518
-4710.940 3540.518
-4711.000 3540.452
-4710.874 3540.452
#
1 100.0 0
-4711.598 3539.728
-4711.532 3539.794
-4711.664 3539.794
-4711.598 3539.728
-4711.598 3539.728
#
1 100.0 0
-4711.074 3539.616
-4711.248 3539.616
-4711.248 3539.934
-4711.074 3540.114
-4711.074 3539.616
#
1 100.0 0
-4710.924 3539.616
-4711.032 3539.616
-4711.032 3540.114
-4710.924 3540.012
-4710.924 3539.616
#
1 100.0 0
-4710.924 3539.296
-4711.032 3539.296
-4711.032 3539.614
-4710.924 3539.614
-4710.924 3539.296
#
1 100.0 0
-4711.030 3539.296
-4711.072 3539.296
-4711.072 3540.118
-4711.030 3540.118
-4711.030 3539.296
#
1 100.0 0
-4711.070 3540.112
-4711.070 3540.118
-4711.070 3540.118
-4711.076 3540.112
-4711.070 3540.112
#
1 100.0 0
-4711.070 3539.616
-4711.076 3539.616
-4711.076 3540.114
-4711.070 3540.114
-4711.070 3539.616
#
1 100.0 0
-4711.070 3539.296
-4711.076 3539.296
-4711.076 3539.614
-4711.070 3539.614
-4711.070 3539.296
#
1 100.0 0
-4710.750 3539.616
-4710.924 3539.616
-4710.924 3540.012
-4710.750 3539.838
-4710.750 3539.616
#
1 100.0 0
-4710.850 3538.976
-4710.748 3539.078
-4711.252 3539.078
-4711.252 3538.976
-4710.850 3538.976
#
1 100.0 0
-4710.750 3539.076
-4710.924 3539.076
-4710.924 3539.298
-4710.750 3539.298
-4710.750 3539.076
#
1 100.0 0
-4710.924 3539.076
-4711.074 3539.076
-4711.074 3539.298
-4710.924 3539.298
-4710.924 3539.076
#
1 100.0 0
-4711.074 3539.076
-4711.248 3539.076
-4711.248 3539.298
-4711.074 3539.298
-4711.074 3539.076
#
1 100.0 0
-4711.030 3538.796
-4710.850 3538.976
-4711.252 3538.976
-4711.072 3538.796
-4711.030 3538.796
#
1 100.0 0
-4702.300 3539.346
-4703.500 3539.346
-4703.500 3554.568
-4702.300 3554.568
-4702.300 3539.346
#
1 100.0 0
-4718.500 3539.346
-4719.700 3539.346
-4719.700 3554.568
-4718.500 3554.568
-4718.500 3539.346
#
1 100.0 0
-4677.200 3546.846
-4702.298 3546.846
-4702.298 3547.068
-4677.200 3547.068
-4677.200 3546.846
#
1 100.0 0
-4719.700 3546.846
-4744.798 3546.846
-4744.798 3547.068
-4719.700 3547.068
-4719.700 3546.846
#
1 100.0 0
-4702.240 3554.626
-4704.298 3554.626
-4704.298 3555.364
-4702.240 3555.364
-4702.240 3554.626
#
1 100.0 0
-4701.500 3554.626
-4702.238 3554.626
-4702.238 3555.364
-4701.500 3555.364
-4701.500 3554.626
#
1 100.0 0
-4701.500 3547.126
-4702.238 3547.126
-4702.238 3554.626
-4701.500 3554.626
-4701.500 3547.126
#
1 100.0 0
-4701.500 3539.346
-4702.238 3539.346
-4702.238 3546.786
-4701.500 3546.786
-4701.500 3539.346
#
1 100.0 0
-4703.560 3539.626
-4704.298 3539.626
-4704.298 3554.284
-4703.560 3554.284
-4703.560 3539.626
#
1 100.0 0
-4719.760 3547.126
-4720.498 3547.126
-4720.498 3554.626
-4719.760 3554.626
-4719.760 3547.126
#
1 100.0 0
-4719.760 3554.626
-4720.498 3554.626
-4720.498 3555.364
-4719.760 3555.364
-4719.760 3554.626
#
1 100.0 0
-4717.700 3554.626
-4719.758 3554.626
-4719.758 3555.364
-4717.700 3555.364
-4717.700 3554.626
#
1 100.0 0
-4717.700 3539.626
-4718.438 3539.626
-4718.438 3554.284
-4717.700 3554.284
-4717.700 3539.626
#
1 100.0 0
-4719.760 3539.346
-4720.498 3539.346
-4720.498 3546.786
-4719.760 3546.786
-4719.760 3539.346
#
1 100.0 0
-4677.200 3527.066
-4702.892 3527.066
-4702.892 3527.288
-4677.200 3527.288
-4677.200 3527.066
#
1 100.0 0
-4676.000 3527.066
-4677.200 3527.066
-4677.200 3547.064
-4676.000 3547.064
-4676.000 3527.066
#
1 100.0 0
-4669.000 3527.066
-4673.002 3527.066
-4673.002 3547.064
-4669.000 3547.064
-4669.000 3527.066
#
1 100.0 0
-4719.110 3527.066
-4744.802 3527.066
-4744.802 3527.288
-4719.110 3527.288
-4719.110 3527.066
#
1 100.0 0
-4744.800 3527.066
-4746.000 3527.066
-4746.000 3547.064
-4744.800 3547.064
-4744.800 3527.066
#
1 100.0 0
-4749.000 3527.066
-4753.002 3527.066
-4753.002 3547.064
-4749.000 3547.064
-4749.000 3527.066
#
1 100.0 0
-4708.890 3525.286
-4713.108 3525.286
-4713.108 3526.084
-4708.890 3526.084
-4708.890 3525.286
#
1 100.0 0
-4713.110 3525.286
-4713.908 3525.286
-4713.908 3526.084
-4713.110 3526.084
-4713.110 3525.286
#
1 100.0 0
-4704.780 3474.486
-4708.998 3474.486
-4708.998 3475.284
-4704.780 3475.284
-4704.780 3474.486
#
1 100.0 0
-4709.000 3474.486
-4709.798 3474.486
-4709.798 3475.284
-4709.000 3475.284
-4709.000 3474.486
#
1 100.0 0
-4713.000 3474.486
-4717.218 3474.486
-4717.218 3475.284
-4713.000 3475.284
-4713.000 3474.486
#
1 100.0 0
-4717.220 3474.486
-4718.018 3474.486
-4718.018 3475.284
-4717.220 3475.284
-4717.220 3474.486
#
1 100.0 0
-4704.780 3475.286
-4704.888 3475.286
-4704.888 3525.284
-4704.780 3525.284
-4704.780 3475.286
#
1 100.0 0
-4708.890 3475.286
-4708.998 3475.286
-4708.998 3525.284
-4708.890 3525.284
-4708.890 3475.286
#
1 100.0 0
-4713.000 3475.286
-4713.108 3475.286
-4713.108 3525.284
-4713.000 3525.284
-4713.000 3475.286
#
1 100.0 0
-4717.110 3475.286
-4717.218 3475.286
-4717.218 3525.284
-4717.110 3525.284
-4717.110 3475.286
#
1 100.0 0
-4702.890 3525.286
-4704.888 3525.286
-4704.888 3527.284
-4702.890 3527.284
-4702.890 3525.286
#
1 100.0 0
-4704.890 3525.286
-4705.688 3525.286
-4705.688 3527.284
-4704.890 3527.284
-4704.890 3525.286
#
1 100.0 0
-4717.110 3525.286
-4719.108 3525.286
-4719.108 3527.284
-4717.110 3527.284
-4717.110 3525.286
#
1 100.0 0
-4702.090 3527.346
-4706.488 3527.346
-4706.488 3528.084
-4702.090 3528.084
-4702.090 3527.346
#
1 100.0 0
-4705.750 3525.286
-4706.488 3525.286
-4706.488 3527.344
-4705.750 3527.344
-4705.750 3525.286
#
1 100.0 0
-4702.090 3525.286
-4702.828 3525.286
-4702.828 3527.008
-4702.090 3527.008
-4702.090 3525.286
#
1 100.0 0
-4703.980 3474.486
-4704.718 3474.486
-4704.718 3476.088
-4703.980 3476.088
-4703.980 3474.486
#
1 100.0 0
-4704.950 3475.346
-4708.832 3475.346
-4708.832 3476.084
-4704.950 3476.084
-4704.950 3475.346
#
1 100.0 0
-4713.970 3525.286
-4714.708 3525.286
-4714.708 3526.144
-4713.970 3526.144
-4713.970 3525.286
#
1 100.0 0
-4708.830 3526.146
-4714.710 3526.146
-4714.710 3526.884
-4708.830 3526.884
-4708.830 3526.146
#
1 100.0 0
-4708.090 3526.146
-4708.828 3526.146
-4708.828 3526.884
-4708.090 3526.884
-4708.090 3526.146
#
1 100.0 0
-4708.090 3525.286
-4708.828 3525.286
-4708.828 3526.144
-4708.090 3526.144
-4708.090 3525.286
#
1 100.0 0
-4709.860 3474.486
-4710.598 3474.486
-4710.598 3475.344
-4709.860 3475.344
-4709.860 3474.486
#
1 100.0 0
-4709.860 3475.346
-4710.598 3475.346
-4710.598 3476.084
-4709.860 3476.084
-4709.860 3475.346
#
1 100.0 0
-4709.060 3475.346
-4709.858 3475.346
-4709.858 3476.084
-4709.060 3476.084
-4709.060 3475.346
#
1 100.0 0
-4712.200 3474.486
-4712.938 3474.486
-4712.938 3476.088
-4712.200 3476.088
-4712.200 3474.486
#
1 100.0 0
-4713.170 3475.346
-4717.052 3475.346
-4717.052 3476.084
-4713.170 3476.084
-4713.170 3475.346
#
1 100.0 0
-4716.310 3525.286
-4717.048 3525.286
-4717.048 3527.344
-4716.310 3527.344
-4716.310 3525.286
#
1 100.0 0
-4716.310 3527.346
-4717.048 3527.346
-4717.048 3528.084
-4716.310 3528.084
-4716.310 3527.346
#
1 100.0 0
-4717.050 3527.346
-4719.912 3527.346
-4719.912 3528.084
-4717.050 3528.084
-4717.050 3527.346
#
1 100.0 0
-4718.080 3474.486
-4718.818 3474.486
-4718.818 3475.344
-4718.080 3475.344
-4718.080 3474.486
#
1 100.0 0
-4718.080 3475.346
-4718.818 3475.346
-4718.818 3476.084
-4718.080 3476.084
-4718.080 3475.346
#
1 100.0 0
-4717.280 3475.346
-4718.078 3475.346
-4718.078 3476.084
-4717.280 3476.084
-4717.280 3475.346
#
1 100.0 0
-4719.170 3525.286
-4719.908 3525.286
-4719.908 3527.008
-4719.170 3527.008
-4719.170 3525.286
#
1 100.0 0
-4668.940 3547.126
-4673.062 3547.126
-4673.062 3547.864
-4668.940 3547.864
-4668.940 3547.126
#
1 100.0 0
-4673.060 3527.066
-4673.798 3527.066
-4673.798 3547.868
-4673.060 3547.868
-4673.060 3527.066
#
1 100.0 0
-4668.200 3527.066
-4668.938 3527.066
-4668.938 3547.868
-4668.200 3547.868
-4668.200 3527.066
#
1 100.0 0
-4675.940 3547.126
-4677.998 3547.126
-4677.998 3547.864
-4675.940 3547.864
-4675.940 3547.126
#
1 100.0 0
-4675.200 3527.066
-4675.938 3527.066
-4675.938 3547.868
-4675.200 3547.868
-4675.200 3527.066
#
1 100.0 0
-4677.260 3527.356
-4677.998 3527.356
-4677.998 3546.784
-4677.260 3546.784
-4677.260 3527.356
#
1 100.0 0
-4744.000 3547.126
-4746.058 3547.126
-4746.058 3547.864
-4744.000 3547.864
-4744.000 3547.126
#
1 100.0 0
-4746.060 3527.066
-4746.798 3527.066
-4746.798 3547.868
-4746.060 3547.868
-4746.060 3527.066
#
1 100.0 0
-4744.000 3527.356
-4744.738 3527.356
-4744.738 3546.784
-4744.000 3546.784
-4744.000 3527.356
#
1 100.0 0
-4748.940 3547.126
-4753.062 3547.126
-4753.062 3547.864
-4748.940 3547.864
-4748.940 3547.126
#
1 100.0 0
-4753.060 3527.066
-4753.798 3527.066
-4753.798 3547.868
-4753.060 3547.868
-4753.060 3527.066
#
1 100.0 0
-4748.200 3527.066
-4748.938 3527.066
-4748.938 3547.868
-4748.200 3547.868
-4748.200 3527.066
#
